{
	"metadata": {
		"version": 4.3,
		"type": "Object",
		"generator": "ObjectExporter"
	},
	"geometries": [
		{
			"uuid": "CFF63EF6-E287-40AB-9AA4-3248274DF7DC",
			"type": "PlaneGeometry",
			"width": 29.061701120214433,
			"height": 50
		},
		{
			"uuid": "EE6444F8-4387-49C5-9C99-674FEEAD2992",
			"type": "PlaneGeometry",
			"width": 29.061701120214433,
			"height": 50
		},
		{
			"uuid": "54BD422D-CF9F-4EAA-80F5-9FF9B09857EE",
			"type": "PlaneGeometry",
			"width": 29.061701120214433,
			"height": 50
		},
		{
			"uuid": "43263A30-5060-4886-9B56-247BDF1D2F04",
			"type": "PlaneGeometry",
			"width": 29.061701120214433,
			"height": 50
		},
		{
			"uuid": "23D7C98E-B825-457B-BDE2-7AA38765EEAD",
			"type": "PlaneGeometry",
			"width": 29.061701120214433,
			"height": 50
		},
		{
			"uuid": "9E9AC277-ECBD-4F50-9DFF-09657403AF0F",
			"type": "CircleGeometry",
			"radius": 24.721359549995793,
			"segments": 5
		}],
	"materials": [
		{
			"uuid": "1B0E42AA-5899-429E-9D71-D42D34C9837F",
			"type": "MeshNormalMaterial",
			"side": 2,
			"opacity": 1,
			"transparent": false,
			"wireframe": false
		},
		{
			"uuid": "3CE5275D-52E2-4123-849D-01E0AC75000C",
			"type": "MeshNormalMaterial",
			"side": 2,
			"opacity": 1,
			"transparent": false,
			"wireframe": false
		},
		{
			"uuid": "4A01EE1C-F140-4362-9385-8C1976F5B8D8",
			"type": "MeshNormalMaterial",
			"side": 2,
			"opacity": 1,
			"transparent": false,
			"wireframe": false
		},
		{
			"uuid": "94B25DD5-9E5B-4E43-878F-9368430BE039",
			"type": "MeshNormalMaterial",
			"side": 2,
			"opacity": 1,
			"transparent": false,
			"wireframe": false
		},
		{
			"uuid": "A76ACD29-27FF-48E8-B5A1-4AF916BB89D1",
			"type": "MeshNormalMaterial",
			"side": 2,
			"opacity": 1,
			"transparent": false,
			"wireframe": false
		}],
	"object": {
		"uuid": "7232580B-B113-496C-BA6C-7F40BEC729BA",
		"type": "Scene",
		"matrix": [1,0,0,0,0,1,0,0,0,0,1,0,0,0,0,1],
		"children": [
			{
				"uuid": "BA027423-E081-4013-A319-B8FBF18D4648",
				"type": "Mesh",
				"geometry": "CFF63EF6-E287-40AB-9AA4-3248274DF7DC",
				"material": "1B0E42AA-5899-429E-9D71-D42D34C9837F",
				"matrix": [2.220446049250313e-16,0,-1,0,0,1,0,0,1,0,2.220446049250313e-16,0,20,0,0,1]
			},
			{
				"uuid": "B6B6B3C2-6466-4D3B-B4F9-990A36089485",
				"type": "Mesh",
				"geometry": "EE6444F8-4387-49C5-9C99-674FEEAD2992",
				"material": "3CE5275D-52E2-4123-849D-01E0AC75000C",
				"matrix": [0.9510565400123596,0,-0.30901700258255005,0,0,1,0,0,0.30901700258255005,0,0.9510565400123596,0,6.180339813232422,0,19.021129608154297,1]
			},
			{
				"uuid": "DBB8B473-2245-4672-B369-972416F5AF8F",
				"type": "Mesh",
				"geometry": "54BD422D-CF9F-4EAA-80F5-9FF9B09857EE",
				"material": "4A01EE1C-F140-4362-9385-8C1976F5B8D8",
				"matrix": [0.5877852439880371,0,0.80901700258255,0,0,1,0,0,-0.80901700258255,0,0.5877852439880371,0,-16.180339813232422,0,11.755704879760742,1]
			},
			{
				"uuid": "ECF2DFC4-BC13-4F13-B1D7-4827A4CEF9AF",
				"type": "Mesh",
				"geometry": "43263A30-5060-4886-9B56-247BDF1D2F04",
				"material": "94B25DD5-9E5B-4E43-878F-9368430BE039",
				"matrix": [-0.5877852439880371,0,0.80901700258255,0,0,1,0,0,-0.80901700258255,0,-0.5877852439880371,0,-16.180339813232422,0,-11.755704879760742,1]
			},
			{
				"uuid": "580D97EA-010E-4596-8878-7FB26326D488",
				"type": "Mesh",
				"geometry": "23D7C98E-B825-457B-BDE2-7AA38765EEAD",
				"material": "A76ACD29-27FF-48E8-B5A1-4AF916BB89D1",
				"matrix": [-0.9510565400123596,0,-0.30901700258255005,0,0,1,0,0,0.30901700258255005,0,-0.9510565400123596,0,6.180339813232422,0,-19.021129608154297,1]
			},
			{
				"uuid": "2543BA4D-6D84-4AE0-8BD0-9ABAB9A2BBAD",
				"type": "Mesh",
				"geometry": "9E9AC277-ECBD-4F50-9DFF-09657403AF0F",
				"material": "A76ACD29-27FF-48E8-B5A1-4AF916BB89D1",
				"matrix": [1,0,0,0,0,1,0,0,0,0,1,0,0,-25,0,1]
			},
			{
				"uuid": "05C58DB6-748E-48F9-9E9E-7FE35CAB1C4C",
				"type": "Mesh",
				"geometry": "9E9AC277-ECBD-4F50-9DFF-09657403AF0F",
				"material": "A76ACD29-27FF-48E8-B5A1-4AF916BB89D1",
				"matrix": [1,0,0,0,0,1,0,0,0,0,1,0,0,25,0,1]
			}]
	}
}